6
1
2
7 5 5 12 0 -1
7 9 5 4 0 3
haar_y3
-3.306403e-001 0 -1
9.163915e-001 -4.053532e-001 
1
2
19 0 1 12 0 -1
19 4 1 4 0 3
haar_y3
-7.463662e-004 0 -1
-7.171028e-001 3.238954e-001 
1
2
0 9 20 2 0 -1
5 9 10 2 0 2
haar_x4
-1.255916e-001 0 -1
7.185790e-001 -4.183553e-001 
1
2
9 1 3 18 0 -1
10 1 1 18 0 3
haar_x3
-2.777055e-004 0 -1
3.050531e-001 -6.178008e-001 
1
2
3 12 5 3 0 -1
2 13 5 1 0 3
tilted_haar_y3
5.082909e-004 0 -1
3.841288e-001 -7.981454e-001 
1
2
18 2 2 7 0 -1
18 2 1 7 0 2
tilted_haar_y2
1.118108e-002 0 -1
-2.069962e-001 3.434560e-001 
-1.058626e+000

11
-1
