9
1
2
5 11 4 8 0 -1
6 11 2 8 0 2
haar_x4
-1.083869e-004 0 -1
6.119613e-001 -5.266804e-001 
1
2
10 8 2 2 0 -1
10 8 1 2 0 2
haar_x2
3.143010e-005 0 -1
-1.545276e-001 4.372543e-001 
1
2
8 8 3 1 0 -1
9 8 1 1 0 3
haar_x3
-3.143010e-005 0 -1
6.488547e-001 -4.290549e-001 
1
2
0 10 20 2 0 -1
5 10 10 2 0 2
haar_x4
-1.516027e-001 0 -1
7.126226e-001 -3.619348e-001 
1
2
0 0 3 16 0 -1
0 8 3 8 0 2
haar_y2
1.489034e-002 0 -1
2.674387e-001 -1.000001e+000 
1
2
12 1 3 3 0 -1
11 2 3 1 0 3
tilted_haar_x3
-2.479175e-004 0 -1
4.313167e-001 -2.122299e-001 
1
2
2 11 3 4 0 -1
3 11 1 4 0 3
haar_x3
5.918789e-005 0 -1
-3.171273e-001 7.401656e-001 
1
2
10 3 10 6 0 -1
10 3 5 6 0 2
haar_x2
5.116554e-003 0 -1
-9.646773e-002 4.544466e-001 
1
2
5 2 6 5 0 -1
7 2 2 5 0 3
haar_x3
-5.419346e-005 0 -1
6.389602e-001 -3.741657e-001 
-1.191624e+000

12
-1
