7
1
2
2 5 16 12 0 -1
2 9 16 4 0 3
haar_y3
-4.113978e-001 0 -1
6.637163e-001 -6.521759e-001 
1
2
12 0 2 17 0 -1
12 0 1 17 0 2
haar_x2
-4.749345e-004 0 -1
1.811267e-001 -8.394556e-001 
1
2
6 0 2 17 0 -1
7 0 1 17 0 2
haar_x2
-3.697680e-004 0 -1
4.605336e-001 -8.222042e-001 
1
2
15 2 4 5 0 -1
15 2 2 5 0 2
tilted_haar_y2
-1.707641e-002 0 -1
-6.291561e-001 8.236078e-003 
1
2
1 2 16 4 0 -1
5 2 8 4 0 2
haar_x4
-1.044022e-002 0 -1
-8.205423e-001 4.210256e-001 
1
2
10 11 2 1 0 -1
10 11 1 1 0 2
haar_x2
-1.084461e-004 0 -1
2.256781e-001 -3.439772e-001 
1
2
7 0 6 6 0 -1
10 0 3 6 0 2
haar_x2
5.635308e-005 0 -1
-4.970596e-001 7.227608e-001 
-1.505790e+000

9
-1
