6
1
2
7 2 5 18 0 -1
7 8 5 6 0 3
haar_y3
-3.547911e-001 0 -1
6.695648e-001 -6.814178e-001 
1
3
14 11 2 8 0 -1
15 11 1 4 0 2
14 15 1 4 0 2
haar_x2_y2
8.262370e-003 0 -1
8.174977e-002 -5.530211e-001 
1
3
2 14 16 6 0 -1
2 14 8 3 0 2
10 17 8 3 0 2
haar_x2_y2
-1.027005e-002 0 -1
-8.620668e-001 4.126809e-001 
1
3
14 11 2 8 0 -1
15 11 1 4 0 2
14 15 1 4 0 2
haar_x2_y2
1.535471e-002 0 -1
-8.707233e-002 -8.580544e-001 
1
3
4 11 2 8 0 -1
4 11 1 4 0 2
5 15 1 4 0 2
haar_x2_y2
2.730424e-004 0 -1
-5.341911e-001 6.622671e-001 
1
2
16 6 4 9 0 -1
16 9 4 3 0 3
haar_y3
-3.465392e-002 0 -1
-1.000000e+000 1.519941e-001 
-6.562565e-001

10
-1
