7
1
2
6 9 8 8 0 -1
6 13 8 4 0 2
haar_y2
2.354359e-001 0 -1
-3.275864e-001 9.500024e-001 
1
2
18 3 2 16 0 -1
18 11 2 8 0 2
haar_y2
1.259915e-002 0 -1
1.947123e-001 -8.196774e-001 
1
2
0 0 4 12 0 -1
0 3 4 6 0 2
haar_y4
7.444185e-003 0 -1
2.789490e-001 -9.464623e-001 
1
2
15 2 1 15 0 -1
10 7 1 5 0 3
tilted_haar_x3
-1.241146e-001 0 -1
3.600181e-001 -2.095987e-001 
1
2
10 5 8 3 0 -1
12 7 4 3 0 2
tilted_haar_x4
-1.319835e-001 0 -1
8.159195e-001 -3.235915e-001 
1
2
15 14 4 6 0 -1
15 16 4 2 0 3
haar_y3
-8.208252e-003 0 -1
-1.000000e+000 8.280740e-002 
1
3
2 1 14 4 0 -1
2 1 7 2 0 2
9 3 7 2 0 2
haar_x2_y2
2.348950e-003 0 -1
2.071486e-001 -9.999986e-001 
-1.111549e+000

13
-1
