7
1
2
2 8 16 5 0 -1
6 8 8 5 0 2
haar_x4
-2.154924e-001 0 -1
7.677612e-001 -6.072525e-001 
1
2
11 0 6 2 0 -1
13 2 2 2 0 3
tilted_haar_y3
4.579425e-003 0 -1
1.965725e-001 -9.224976e-001 
1
2
7 6 9 1 0 -1
10 9 3 1 0 3
tilted_haar_x3
-7.909986e-002 0 -1
7.678753e-001 -4.606648e-001 
1
2
14 3 2 11 0 -1
14 3 1 11 0 2
haar_x2
-7.257354e-003 0 -1
7.560092e-001 -2.602373e-001 
1
2
4 3 2 11 0 -1
5 3 1 11 0 2
haar_x2
-9.411190e-003 0 -1
7.446593e-001 -4.719733e-001 
1
2
11 0 6 2 0 -1
13 2 2 2 0 3
tilted_haar_y3
-6.297810e-003 0 -1
-8.322996e-001 1.874376e-001 
1
2
9 0 2 6 0 -1
7 2 2 2 0 3
tilted_haar_y3
6.934316e-003 0 -1
3.287912e-001 -1.000001e+000 
-1.087327e+000

7
-1
